Data,CAD,LC,Agua Inicial,ETC,Precipitacao,Irrigacao,Agua Final,Excesso
45200.000000,16,8,16,4.1,0,0,11.9,3.9
45201.000000,16,8,11.9,2.5,13.8,0,23.2,15.2
45202.000000,18.7,9.35,23.2,3.7,0,0,19.5,10.15
45203.000000,23.1,11.55,19.5,3.8,0,0,15.7,4.15
45204.000000,26.8,13.4,15.7,2.8,0,3,15.9,2.5
45205.000000,30.1,15.05,15.9,3.3,0.8,3,16.4,1.35
45206.000000,33.1,16.55,16.4,3.2,6.8,0,20,3.45
45207.000000,36,18,20,3.7,0,3,19.3,1.3
45208.000000,38.6,19.3,19.3,3.1,1.3,3,20.5,1.2
45209.000000,41.2,20.6,20.5,2.6,0.2,3,21.1,0.499998
45210.000000,43.7,21.85,21.1,3,0,4,22.1,0.249998
45211.000000,46,23,22.1,6.3,0,8,23.8,0.799999
45212.000000,48.3,24.15,23.8,5.6,0,6,24.2,0.0499992
45213.000000,50.5,25.25,24.2,3.7,0,5,25.5,0.249998
45214.000000,52.7,26.35,25.5,4.5,0,6,27,0.649998
45215.000000,54.8,27.4,27,3.3,0,4,27.7,0.299999
45216.000000,56.8,28.4,27.7,6.9,0,8,28.8,0.4
45217.000000,58.9,29.45,28.8,6.7,0,8,30.1,0.649998
45218.000000,60.8,30.4,30.1,5.6,0,6,30.5,0.0999985
45219.000000,62.8,31.4,30.5,4.7,0,6,31.8,0.4
45220.000000,64.6,32.3,31.8,3.8,8.6,0,36.6,4.3
45221.000000,66.5,33.25,36.6,5.7,0,3,33.9,0.649998
45222.000000,68.3,34.15,33.9,7.2,0,8,34.7,0.549995
45223.000000,70.1,35.05,34.7,6,0,7,35.7,0.649998
45224.000000,71.8,35.9,35.7,6.6,0.2,7,36.3,0.399994
45225.000000,73.6,36.8,36.3,3.6,2.8,3,38.5,1.7
45226.000000,75.3,37.65,38.5,3.5,0,3,38,0.349995
45227.000000,77,38.5,38,4,0,5,39,0.499996
45228.000000,78.8,39.4,39,5.4,5.5,3,42.1,2.69999
45229.000000,80.4,40.2,42.1,7.5,0,6,40.6,0.399994
45230.000000,82.1,41.05,40.6,6.3,0,7,41.3,0.249996
45231.000000,83.6,41.8,41.3,4.4,4,3,43.9,2.09999
45232.000000,85.2,42.6,43.9,6.9,0.5,6,43.5,0.899994
45233.000000,86.9,43.45,43.5,3,7,0,47.5,4.04999
45234.000000,88.4,44.2,47.5,2.6,0,0,44.9,0.699993
45235.000000,89.9,44.95,44.9,4.3,2,3,45.6,0.649994
45236.000000,91.5,45.75,45.6,3.8,0,4,45.8,0.0499954
45237.000000,93,46.5,45.8,4.4,0,6,47.4,0.899994
45238.000000,94.5,47.25,47.4,5.5,0,6,47.9,0.649994
45239.000000,96,48,47.9,5.5,0,6,48.4,0.399994
45240.000000,96,48,48.4,6,0,6,48.4,0.399994
45241.000000,96,48,48.4,6.6,0,7,48.8,0.799995
45242.000000,96,48,48.8,7.2,0,7,48.6,0.599995
45243.000000,96,48,48.6,8,0,8,48.6,0.599995
45244.000000,96,48,48.6,6.6,0,7,49,0.999996
45245.000000,96,48,49,8.1,0,8,48.9,0.899994
45246.000000,96,48,48.9,8.9,0,9,49,0.999992
45247.000000,96,48,49,7.7,0,7,48.3,0.299992
45248.000000,96,48,48.3,5.1,0.6,5,48.8,0.799992
45249.000000,96,48,48.8,5,0,5,48.8,0.799992
45250.000000,96,48,48.8,1.9,1.8,0,48.7,0.699989
45251.000000,96,48,48.7,3.9,0.8,3,48.6,0.599987
45252.000000,96,48,48.6,2.2,8.6,0,55,6.99998
45253.000000,96,48,55,4.3,0,0,50.7,2.69999
45254.000000,96,48,50.7,6.4,0.1,4,48.4,0.399982
45255.000000,96,48,48.4,5.4,2.8,3,48.8,0.79998
45256.000000,96,48,48.8,5.6,0,5,48.2,0.199982
45257.000000,96,48,48.2,4.8,8.1,0,51.5,3.49998
45258.000000,96,48,51.5,5.8,0,3,48.7,0.699986
45259.000000,96,48,48.7,4.8,0,5,48.9,0.899986
45260.000000,96,48,48.9,4.8,0,4,48.1,0.099987
45261.000000,96,48,48.1,3.1,5.4,0,50.4,2.39999
45262.000000,96,48,50.4,5.6,0,4,48.8,0.799992
45263.000000,96,48,48.8,5.4,6.2,0,49.6,1.59999
45264.000000,96,48,49.6,3.7,4,0,49.9,1.89999
45265.000000,96,48,49.9,3.9,2.9,0,48.9,0.89999
45266.000000,96,48,48.9,4.2,14.4,0,59.1,11.1
45267.000000,96,48,59.1,5.8,0,0,53.3,5.29999
45268.000000,96,48,53.3,5.2,0,0,48.1,0.0999908
45269.000000,96,48,48.1,6.5,0,7,48.6,0.599991
45270.000000,96,48,48.6,5.1,20.2,0,63.7,15.7
45271.000000,96,48,63.7,5.6,0,0,58.1,10.1
45272.000000,96,48,58.1,2.7,1.6,0,57,8.99999
45273.000000,96,48,57,5.7,0,0,51.3,3.29999
45274.000000,96,48,51.3,6.9,1.2,3,48.6,0.599991
45275.000000,96,48,48.6,5.7,0,6,48.9,0.89999
45276.000000,96,48,48.9,7.3,0,7,48.6,0.599991
45277.000000,96,48,48.6,7.2,0,7,48.4,0.39999
45278.000000,96,48,48.4,6.3,0,6,48.1,0.0999908
45279.000000,96,48,48.1,4.9,0.4,5,48.6,0.599991
45280.000000,96,48,48.6,3.2,1.6,3,50,1.99999
45281.000000,96,48,50,2.7,9.4,0,56.7,8.69999
45282.000000,96,48,56.7,1.9,4.1,0,58.9,10.9
45283.000000,96,48,58.9,2.3,7.6,0,64.2,16.2
45284.000000,96,48,64.2,2.1,35.8,0,97.9,49.9
45285.000000,96,48,97.9,2.1,5.7,0,101.5,53.5
45286.000000,96,48,101.5,3.9,0.4,0,98,50
45287.000000,96,48,98,3.3,0.8,0,95.5,47.5
45288.000000,96,48,95.5,3.7,0,0,91.8,43.8
45289.000000,96,48,91.8,4.1,0,0,87.7,39.7
45290.000000,96,48,87.7,4.9,1.5,0,84.3,36.3
45291.000000,96,48,84.3,3.4,1,0,81.9,33.9
45292.000000,96,48,81.9,1.8,7.8,0,87.9,39.9
45293.000000,96,48,87.9,1,120.2,0,207.1,159.1
45294.000000,96,48,207.1,1.2,25,0,230.9,182.9
45295.000000,96,48,230.9,2.2,4.5,0,233.2,185.2
45296.000000,96,48,233.2,1.7,1.8,0,233.3,185.3
45297.000000,96,48,233.3,2.8,20.4,0,250.9,202.9
45298.000000,96,48,250.9,3.3,0,0,247.6,199.6
45299.000000,96,48,247.6,1.3,3,0,249.3,201.3
45300.000000,96,48,249.3,1.4,24.6,0,272.5,224.5
45301.000000,96,48,272.5,2,10.6,0,281.1,233.1
45302.000000,96,48,281.1,3.2,4.8,0,282.7,234.7
45303.000000,96,48,282.7,2.8,5.5,0,285.4,237.4
45304.000000,96,48,285.4,1.8,14.6,0,298.2,250.2
45305.000000,96,48,298.2,3,1,0,296.2,248.2
45306.000000,96,48,296.2,1.8,18.4,0,312.8,264.8
45307.000000,96,48,312.8,2.3,4.9,0,315.4,267.4
45308.000000,96,48,315.4,2.5,0,0,312.9,264.9
45309.000000,96,48,312.9,3.1,1.6,0,311.4,263.4
45310.000000,96,48,311.4,3.2,0.3,0,308.5,260.5
45311.000000,96,48,308.5,2.9,0,0,305.6,257.6
45312.000000,96,48,305.6,3.4,0.1,0,302.3,254.3
45313.000000,96,48,302.3,1.9,2.4,0,302.8,254.8
45314.000000,96,48,302.8,1.4,2.6,0,304,256
45315.000000,64,32,304,1.3,0.6,0,303.3,271.3
45316.000000,64,32,303.3,1.5,18.6,0,320.4,288.4
45317.000000,64,32,320.4,1.1,1.4,0,320.7,288.7
45318.000000,64,32,320.7,1.8,24,0,342.9,310.9
45319.000000,64,32,342.9,1.5,4.8,0,346.2,314.2
